function const = constants()

    % Gravitational Constants
    const.u_sun = 1.32712440018e20;
    const.u_mercury = 2.20320e13;
    const.u_venus = 3.24858592e14;
    const.u_earth = 3.986004418e14;
    const.u_moon = 4.9048695e12;
    const.u_mars = 4.282837e13;
    const.u_ceres = 6.26325e10;
    const.u_jupiter = 1.26686534e17;
    const.u_saturn = 3.7931187e16;
    const.u_uranus = 5.793939e15;
    const.u_neptune = 6.836529e15;
    const.u_pluto = 8.71e11;
    const.u_eris = 1.108e12;

    % Radii
    const.r_mercury = 2440000; 
    const.r_venus = 6052000;   
    const.r_earth = 6371000;   
    const.r_mars = 3390000;    
    const.r_jupiter = 69911000;
    const.r_saturn = 58232000; 
    const.r_uranus = 25362000; 
    const.r_neptune = 24622000;


end